% 1d
% Mn2O3 OD1   (A211212058  Cal -0.54 ev)
%  106
% from stack 58jod-m-thin
      629.430     0.00290591
      630.208     0.00272102
      630.986     0.00262800
      631.764     0.00271012
      632.542     0.00276059
      633.320     0.00270116
      634.098     0.00258081
      634.876     0.00277366
      636.432     0.00279940
      636.630     0.00276484
      636.914     0.00275496
      637.198     0.00286893
      637.482     0.00319446
      637.766     0.00332188
      638.050     0.00373650
      638.334     0.00404752
      638.618     0.00539190
      638.902     0.00856090
      639.186      0.0150726
      639.470      0.0217507
      639.754      0.0267414
      640.038      0.0293085
      640.322      0.0312637
      640.606      0.0337011
      640.890      0.0362046
      641.174      0.0375461
      641.458      0.0376390
      641.742      0.0369269
      642.026      0.0349989
      642.310      0.0338697
      642.594      0.0316877
      642.878      0.0304016
      643.162      0.0273807
      643.446      0.0245210
      643.730      0.0220093
      644.014      0.0202691
      644.298      0.0185551
      644.582      0.0174313
      644.866      0.0161738
      645.150      0.0149735
      645.434      0.0134817
      645.630      0.0119426
      646.052      0.0105046
      646.474     0.00913480
      646.896     0.00836690
      647.318     0.00787070
      647.740     0.00747980
      648.162     0.00735490
      648.584     0.00765440
      649.006     0.00839920
      649.428     0.00920630
      649.630      0.0109133
      649.935      0.0133509
      650.240      0.0168635
      650.545      0.0195684
      650.850      0.0216355
      651.155      0.0229447
      651.460      0.0239673
      651.765      0.0251865
      652.070      0.0259128
      652.375      0.0257498
      652.680      0.0253680
      652.985      0.0237475
      653.290      0.0220596
      653.595      0.0193091
      653.900      0.0168127
      654.205      0.0150020
      654.510      0.0133236
      654.815      0.0122254
      655.120      0.0107263
      655.425     0.00964430
      655.930     0.00851160
      657.055     0.00772510
      658.180     0.00719540
      659.305     0.00679100
      660.430     0.00679720
      661.555     0.00637620
      662.680     0.00643430
      663.805     0.00651490
      664.930     0.00684030
      666.055     0.00688810
      667.180     0.00693030
      668.305     0.00673490
      669.430     0.00650180
      671.430     0.00636200
      673.097     0.00672550
      674.764     0.00703770
      676.431     0.00716720
      678.098     0.00716910
      679.765     0.00727410
      681.432     0.00714470
      683.099     0.00696730
      684.766     0.00683280
      686.433     0.00702750
      686.630     0.00727450
      686.885     0.00728420
      687.140     0.00711710
      687.395     0.00685470
      687.650     0.00673250
      687.905     0.00667120
      688.160     0.00667040
      688.415     0.00671120
      688.670     0.00658560
      688.925     0.00644590
      689.180     0.00630110
      689.435     0.00628990
