5782.429076129602 0
5783.566858538165 0
5784.704640946726 0
5785.842423355288 0
5786.980205763849 0
5788.117988172411 0
5789.255770580972 0
5790.393552989534 0
5791.531335398096 0
5792.669117806658 0
5793.806900215220 0
5794.944682623781 0
5796.082465032343 0
5797.220247440904 0
5798.358029849466 0
5799.495812258028 0
5800.633594666589 0
5801.771377075152 0
5802.909159483713 0
5804.046941892275 0
5805.184724300837 0
5806.322506709398 0
5807.460289117960 0
5808.598071526521 0
5809.735853935083 0
5810.873636343645 0
5812.011418752207 0
5813.149201160769 0
5814.286983569330 0
5815.424765977892 0
5816.562548386453 0
5817.700330795015 0
5818.838113203577 0
5819.975895612139 0
5821.113678020701 0
5822.251460429262 0
5823.389242837824 0
5824.527025246385 0
5825.664807654947 0
5826.802590063508 0
5827.940372472071 0
5829.078154880633 0
5830.215937289194 0
5831.353719697756 0
5832.491502106317 0
5833.629284514879 0
5834.767066923441 0
5835.904849332002 0
5837.042631740565 0
5838.180414149126 0
5839.318196557688 0
5840.455978966249 0
5841.593761374811 0
5842.731543783373 0
5843.869326191934 0
5845.007108600496 0
5846.144891009058 0
5847.282673417620 0
5848.420455826181 0
5849.558238234743 0
5850.696020643305 0
5851.833803051866 0
5852.971585460428 0
5854.109367868989 0
5855.247150277552 0
5856.384932686113 0
5857.522715094675 0
5858.660497503237 0
5859.798279911798 0
5860.936062320360 0
5862.073844728921 0
5863.211627137483 0
5864.349409546046 0
5865.487191954607 0
5866.624974363169 0
5867.762756771730 0
5868.900539180292 0
5870.038321588853 0
5871.176103997415 0
5872.313886405977 0
5873.451668814539 0
5874.589451223101 0
5875.727233631662 0
5876.865016040224 0
5878.002798448785 0
5879.140580857347 0
5880.278363265909 0
5881.416145674470 0
5882.553928083033 0
5883.691710491594 0
5884.829492900156 0
5885.967275308717 0
5887.105057717279 0
5888.242840125841 0
5889.380622534402 0
5890.518404942964 0
5891.656187351526 0
5892.793969760088 0
5893.931752168650 0
5895.069534577211 0
5896.207316985773 0
5897.345099394334 0
5898.482881802896 0
5899.620664211458 0
5900.758446620020 0
5901.896229028582 0
5903.034011437143 0
5904.171793845705 0
5905.309576254266 0
5906.447358662828 0
5907.585141071389 0
5908.722923479952 0
5909.860705888514 0
5910.998488297075 0
5912.136270705637 0
5913.274053114198 0
5914.411835522760 0
5915.549617931321 0
5916.687400339883 0
5917.825182748446 0
5918.962965157007 0
5920.100747565569 0
5921.238529974130 0
5922.376312382692 0
5923.514094791254 0
5924.651877199815 0
5925.789659608377 0
5926.927442016939 0
5928.065224425501 0
5929.203006834062 0
5930.340789242624 0
5931.478571651186 0
5932.616354059747 0
5933.754136468309 0
5934.891918876870 0
5936.029701285433 0
5937.167483693994 0
5938.305266102556 0
5939.443048511118 0
5940.580830919679 0
5941.718613328241 0
5942.856395736802 0
5943.994178145364 0
5945.131960553926 0
5946.269742962488 0
5947.407525371050 0
5948.545307779611 0
5949.683090188173 0
5950.820872596734 0
5951.958655005296 0
5953.096437413858 0
5954.234219822420 0
5955.372002230982 0
5956.509784639543 0
5957.647567048105 0
5958.785349456666 0
5959.923131865228 0
5961.060914273790 0
5962.198696682352 0
5963.336479090914 0
5964.474261499475 0
5965.612043908037 0
5966.749826316598 0
5967.887608725160 0
5969.025391133722 0
5970.163173542283 0
5971.300955950845 0
5972.438738359407 0
5973.576520767969 0
5974.714303176530 0
5975.852085585092 0
5976.989867993654 0
5978.127650402215 0
5979.265432810777 0
5980.403215219339 0
5981.540997627901 0
5982.678780036462 0
5983.816562445024 0
5984.954344853586 0
5986.092127262147 0
5987.229909670709 0
5988.367692079270 0
5989.505474487833 0
5990.643256896395 0
5991.781039304956 0
5992.918821713518 0
5994.056604122079 0
5995.194386530641 0
5996.332168939202 0
5997.469951347764 0
5998.607733756327 0
5999.745516164888 0
6000.883298573450 0
6002.021080982011 0
6003.158863390573 0
6004.296645799134 0
6005.434428207696 0
6006.572210616258 0
6007.709993024820 0
6008.847775433382 0
6009.985557841943 0
6011.123340250505 0
6012.261122659066 0
6013.398905067628 0
6014.536687476190 0
6015.674469884751 0
6016.812252293314 0
6017.950034701875 0
6019.087817110437 0
6020.225599518999 0
6021.363381927560 0
6022.501164336122 0
6023.638946744683 0
6024.776729153245 0
6025.914511561807 0
6027.052293970369 0
6028.190076378931 0
6029.327858787492 0
6030.465641196054 0
6031.603423604615 0
6032.741206013177 0
6033.878988421739 0
6035.016770830301 0
6036.154553238863 0
6037.292335647424 0
6038.430118055986 0
6039.567900464547 0
6040.705682873109 0
6041.843465281670 0
6042.981247690233 0
6044.119030098795 0
6045.256812507356 0
6046.394594915918 0
6047.532377324479 0
6048.670159733041 0
6049.807942141603 0
6050.945724550164 0
6052.083506958727 0
6053.221289367288 0
6054.359071775850 0
6055.496854184411 0
6056.634636592973 0
6057.772419001535 0
6058.910201410096 0
6060.047983818658 0
6061.185766227220 0
6062.323548635782 0
6063.461331044343 0
6064.599113452905 0
6065.736895861467 0
6066.874678270028 0
6068.012460678590 0
6069.150243087151 0
6070.288025495714 0
6071.425807904275 0
6072.563590312837 0
6073.701372721399 0
6074.839155129960 0
6075.976937538522 0
6077.114719947083 0
6078.252502355645 0
6079.390284764208 0
6080.528067172769 0
6081.665849581331 0
6082.803631989892 0
6083.941414398454 0
6085.079196807015 0
6086.216979215577 0
6087.354761624139 0
6088.492544032701 0
6089.630326441263 0
6090.768108849824 0
6091.905891258386 0
6093.043673666947 0
6094.181456075509 0
6095.319238484071 0
6096.457020892632 0
6097.594803301195 0
6098.732585709756 0
6099.870368118318 0
6101.008150526879 0
6102.145932935441 0
6103.283715344003 0
6104.421497752564 0
6105.559280161126 0
6106.697062569688 0
6107.834844978250 0
6108.972627386812 0
6110.110409795373 0
6111.248192203935 0
6112.385974612496 0
6113.523757021058 0
6114.661539429620 0
6115.799321838182 0
6116.937104246744 0
6118.074886655305 0
6119.212669063867 0
6120.350451472428 0
6121.488233880990 0
6122.626016289551 0
6123.763798698114 0
6124.901581106676 0
6126.039363515237 0
6127.177145923799 0
6128.314928332360 0
6129.452710740922 0
6130.590493149483 0
6131.728275558045 0
6132.866057966608 0
6134.003840375169 0
6135.141622783731 0
6136.279405192292 0
6137.417187600854 0
6138.554970009415 0
6139.692752417977 0
6140.830534826539 0
6141.968317235101 0
6143.106099643663 0
6144.243882052224 0
6145.381664460786 0
6146.519446869348 0
6147.657229277909 0
6148.795011686471 0
6149.932794095032 0
6151.070576503595 0
6152.208358912156 0
6153.346141320718 0
6154.483923729280 0
6155.621706137841 0
6156.759488546403 0
6157.897270954964 0
6159.035053363526 0
6160.172835772088 0
6161.310618180650 0
6162.448400589212 0
6163.586182997773 0
6164.723965406335 0
6165.861747814896 0
6166.999530223458 0
6168.137312632020 0
6169.275095040582 0
6170.412877449144 0
6171.550659857705 0
6172.688442266267 0
6173.826224674828 0
6174.964007083390 0
6176.101789491952 0
6177.239571900514 0
6178.377354309076 0
6179.515136717637 0
6180.652919126199 0
6181.790701534760 0
6182.928483943322 0
6184.066266351884 0
6185.204048760445 0
6186.341831169007 0
6187.479613577569 0
6188.617395986131 0
6189.755178394692 0
6190.892960803254 0
6192.030743211816 0
6193.168525620377 0
6194.306308028939 0
6195.444090437501 0
6196.581872846063 0
6197.719655254624 0
6198.857437663186 0
6199.995220071748 0
6201.133002480309 0
6202.270784888871 0
6203.408567297432 0
6204.546349705995 0
6205.684132114557 0
6206.821914523118 0
6207.959696931680 0
6209.097479340241 0
6210.235261748803 0
6211.373044157364 0
6212.510826565926 0
6213.648608974489 0
6214.786391383050 0
6215.924173791612 0
6217.061956200173 0
6218.199738608735 0
6219.337521017296 0
6220.475303425858 0
6221.613085834420 0
6222.750868242982 0
6223.888650651544 0
6225.026433060105 0
6226.164215468667 0
6227.301997877228 0
6228.439780285790 0
6229.577562694352 0
6230.715345102913 0
6231.853127511476 0
6232.990909920037 0
6234.128692328599 0
6235.266474737161 0
6236.404257145722 0
6237.542039554284 0
6238.679821962845 0
6239.817604371407 0
6240.955386779969 0
6242.093169188531 0
6243.230951597093 0
6244.368734005654 0
6245.506516414216 0
6246.644298822777 0
6247.782081231339 0
6248.919863639901 0
6250.057646048463 0
6251.195428457025 0
6252.333210865586 0
6253.470993274148 0
6254.608775682709 0
6255.746558091271 0
6256.884340499832 0
6258.022122908395 0
6259.159905316957 0
6260.297687725518 0
6261.435470134080 0
6262.573252542641 0
6263.711034951203 0
6264.848817359765 0
6265.986599768326 0
6267.124382176889 0
6268.262164585450 0
6269.399946994012 0
6270.537729402573 0
6271.675511811135 0
6272.813294219697 0
6273.951076628258 0
6275.088859036820 0
6276.226641445382 0
6277.364423853944 0
6278.502206262505 0
6279.639988671067 0
6280.777771079629 0
6281.915553488190 0
6283.053335896752 0
6284.191118305313 0
6285.328900713876 0
6286.466683122437 0
6287.604465530999 0
6288.742247939561 0
6289.880030348122 0
6291.017812756684 0
6292.155595165245 0
6293.293377573807 0
6294.431159982369 0
6295.568942390931 0
6296.706724799493 0
6297.844507208054 0
6298.982289616616 0
6300.120072025177 0
6301.257854433739 0
6302.395636842301 0
6303.533419250863 0
6304.671201659425 0
6305.808984067986 0
6306.946766476548 0
6308.084548885109 0
6309.222331293671 0
6310.360113702233 0
6311.497896110794 0
6312.635678519357 0
6313.773460927918 0
6314.911243336480 0
6316.049025745041 0
6317.186808153603 0
6318.324590562165 0
6319.462372970726 0
6320.600155379288 0
6321.737937787850 0
6322.875720196412 0
6324.013502604973 0
6325.151285013535 0
6326.289067422097 0
6327.426849830658 0
6328.564632239220 0
6329.702414647782 0
6330.840197056344 0
6331.977979464906 0
6333.115761873467 0
6334.253544282029 0
6335.391326690590 0
6336.529109099152 0
6337.666891507713 0
6338.804673916276 0
6339.942456324838 0
6341.080238733399 0
6342.218021141961 0
6343.355803550522 0
6344.493585959084 0
6345.631368367645 0
6346.769150776207 0
6347.906933184770 0
6349.044715593331 0
6350.182498001893 0
6351.320280410454 0
6352.458062819016 0
6353.595845227577 0
6354.733627636139 0
6355.871410044701 0
6357.009192453263 0
6358.146974861825 0
6359.284757270386 0
6360.422539678948 0
6361.560322087510 0
6362.698104496071 0
6363.835886904633 0
6364.973669313194 0
6366.111451721757 0
6367.249234130318 0
6368.387016538880 0
6369.524798947442 0
6370.662581356003 0
6371.800363764565 0
6372.938146173126 0
6374.075928581688 0
6375.213710990250 0
6376.351493398812 0
6377.489275807374 0
6378.627058215935 0
6379.764840624497 0
6380.902623033058 0
6382.040405441620 0
6383.178187850182 0
6384.315970258744 0
6385.453752667306 0
6386.591535075867 0
6387.729317484429 0
6388.867099892990 0
6390.004882301552 0
6391.142664710114 0
6392.280447118676 0
6393.418229527238 0
6394.556011935799 0
6395.693794344361 0
6396.831576752922 0
6397.969359161484 0
6399.107141570046 0
6400.244923978607 0
6401.382706387169 0
6402.520488795731 0
6403.658271204293 0
6404.796053612854 0
6405.933836021416 0
6407.071618429978 0
6408.209400838539 0
6409.347183247101 0
6410.484965655663 0
6411.622748064225 0
6412.760530472786 0
6413.898312881348 0
6415.036095289910 0
6416.173877698471 0
6417.311660107033 0
6418.449442515594 0
6419.587224924157 0
6420.725007332719 0
6421.862789741280 0
6423.000572149842 0
6424.138354558403 0
6425.276136966965 1.243e-09
6426.413919375526 9.47165e-07
6427.551701784088 2.750694e-06
6428.689484192651 1.096626e-06
6429.827266601212 1.118836e-06
6430.965049009774 6.345e-09
6432.102831418335 0
6433.240613826897 0
6434.378396235458 6e-11
6435.516178644020 4.7919e-08
6436.653961052582 4.75992e-07
6437.791743461144 1.902643e-06
6438.929525869706 9.412962e-06
6440.067308278267 1.2538067e-05
6441.205090686829 9.304797e-06
6442.342873095390 9.546864e-06
6443.480655503952 1.3722579e-05
6444.618437912514 4.295026e-05
6445.756220321075 3.288245e-05
6446.894002729638 2.1368161e-05
6448.031785138199 2.2206549e-05
6449.169567546761 2.2454091e-05
6450.307349955322 1.8356429e-05
6451.445132363884 8.427086e-06
6452.582914772446 1.9973298e-05
6453.720697181007 1.9560963e-05
6454.858479589569 7.376343e-06
6455.996261998131 8.470519e-06
6457.134044406693 8.747996e-06
6458.271826815255 7.514377e-06
6459.409609223816 1.0144962e-05
6460.547391632378 1.3157112e-05
6461.685174040939 1.3902972e-05
6462.822956449501 1.7001933e-05
6463.960738858063 1.3707716e-05
6465.098521266625 9.873547e-06
6466.236303675187 1.290503e-05
6467.374086083748 1.0696317e-05
6468.511868492310 6.523897e-06
6469.649650900871 6.273506e-06
6470.787433309433 6.503857e-06
6471.925215717994 5.829329e-06
6473.062998126557 3.580888e-06
6474.200780535119 4.028338e-06
6475.338562943680 4.094239e-06
6476.476345352242 4.338475e-06
6477.614127760803 4.723305e-06
6478.751910169365 6.805236e-06
6479.889692577926 5.889787e-06
6481.027474986488 6.952353e-06
6482.165257395051 6.393817e-06
6483.303039803612 5.540745e-06
6484.440822212174 5.356452e-06
6485.578604620735 5.530682e-06
6486.716387029297 5.639692e-06
6487.854169437859 5.080237e-06
6488.991951846420 3.825186e-06
6490.129734254982 3.804246e-06
6491.267516663544 5.289639e-06
6492.405299072106 6.509152e-06
6493.543081480667 5.223871e-06
6494.680863889229 4.656121e-06
6495.818646297791 4.661593e-06
6496.956428706352 4.234379e-06
6498.094211114914 4.645509e-06
6499.231993523475 3.749736e-06
6500.369775932038 4.665403e-06
6501.507558340599 5.402752e-06
6502.645340749161 7.11825e-06
6503.783123157723 7.54127e-06
6504.920905566284 7.557324e-06
6506.058687974846 6.094743e-06
6507.196470383407 5.957211e-06
6508.334252791969 5.60769e-06
6509.472035200531 6.141755e-06
6510.609817609093 5.735784e-06
6511.747600017655 4.642426e-06
6512.885382426216 4.120158e-06
6514.023164834778 4.772701e-06
6515.160947243339 4.183982e-06
6516.298729651901 4.31714e-06
6517.436512060463 5.185098e-06
6518.574294469025 4.088975e-06
6519.712076877587 4.052434e-06
6520.849859286148 4.003513e-06
6521.987641694710 3.242079e-06
6523.125424103271 3.150242e-06
6524.263206511833 3.332672e-06
6525.400988920395 3.24456e-06
6526.538771328956 3.330708e-06
6527.676553737519 3.017973e-06
6528.814336146080 3.655162e-06
6529.952118554642 3.005097e-06
6531.089900963203 3.818212e-06
6532.227683371765 4.127562e-06
6533.365465780327 3.947933e-06
6534.503248188888 3.539124e-06
6535.641030597450 3.137135e-06
6536.778813006012 3.043121e-06
6537.916595414574 2.638527e-06
6539.054377823135 2.66786e-06
6540.192160231697 2.286983e-06
6541.329942640259 2.030076e-06
6542.467725048820 1.99681e-06
6543.605507457382 1.98702e-06
6544.743289865944 2.16944e-06
6545.881072274506 2.553575e-06
6547.018854683068 2.644027e-06
6548.156637091629 2.64174e-06
6549.294419500191 2.835817e-06
6550.432201908752 2.895892e-06
6551.569984317314 2.546779e-06
6552.707766725875 2.529041e-06
6553.845549134438 2.617733e-06
6554.983331543000 2.342067e-06
6556.121113951561 2.170142e-06
6557.258896360123 2.361804e-06
6558.396678768684 2.731146e-06
6559.534461177246 2.524376e-06
6560.672243585807 2.139621e-06
6561.810025994369 2.395482e-06
6562.947808402932 2.236216e-06
6564.085590811493 2.00339e-06
6565.223373220055 1.777948e-06
6566.361155628616 1.504795e-06
6567.498938037178 1.371515e-06
6568.636720445739 1.385287e-06
6569.774502854301 1.350961e-06
6570.912285262863 1.329837e-06
6572.050067671425 1.443492e-06
6573.187850079987 1.415723e-06
6574.325632488548 1.282139e-06
6575.463414897110 1.238154e-06
6576.601197305672 1.345734e-06
6577.738979714233 1.339491e-06
6578.876762122795 1.281883e-06
6580.014544531356 1.399163e-06
6581.152326939919 1.202899e-06
6582.290109348480 1.075633e-06
6583.427891757042 9.9224e-07
6584.565674165604 1.04491e-06
6585.703456574165 9.52375e-07
6586.841238982727 9.63192e-07
6587.979021391288 1.067705e-06
6589.116803799850 1.048155e-06
6590.254586208412 1.014137e-06
6591.392368616974 1.029806e-06
6592.530151025536 1.131241e-06
6593.667933434097 1.08803e-06
6594.805715842659 9.90885e-07
6595.943498251220 9.66436e-07
6597.081280659782 8.50496e-07
6598.219063068344 9.53969e-07
6599.356845476906 9.54738e-07
6600.494627885468 9.03276e-07
6601.632410294029 7.98466e-07
6602.770192702591 7.98273e-07
6603.907975111152 8.08146e-07
6605.045757519714 8.45465e-07
6606.183539928276 8.95275e-07
6607.321322336838 8.12846e-07
6608.459104745400 8.04425e-07
6609.596887153961 7.68281e-07
6610.734669562523 7.16942e-07
6611.872451971084 6.4273e-07
6613.010234379646 5.81423e-07
6614.148016788208 5.9378e-07
6615.285799196769 5.79531e-07
6616.423581605331 5.99e-07
6617.561364013893 5.67462e-07
6618.699146422455 5.56315e-07
6619.836928831016 5.60786e-07
6620.974711239578 5.70854e-07
6622.112493648140 5.84938e-07
6623.250276056701 5.86332e-07
6624.388058465263 5.68131e-07
6625.525840873825 5.94715e-07
6626.663623282387 5.3158e-07
6627.801405690948 5.24619e-07
6628.939188099510 5.0114e-07
6630.076970508072 5.14958e-07
6631.214752916633 4.70182e-07
6632.352535325195 4.7904e-07
6633.490317733756 4.24838e-07
6634.628100142319 4.04822e-07
6635.765882550880 3.999e-07
6636.903664959442 3.30649e-07
6638.041447368004 3.25095e-07
6639.179229776565 3.02852e-07
6640.317012185127 3.12064e-07
6641.454794593688 2.74249e-07
6642.592577002250 2.69326e-07
6643.730359410813 2.72482e-07
6644.868141819374 2.46478e-07
6646.005924227936 2.22677e-07
6647.143706636497 1.91736e-07
6648.281489045059 1.92268e-07
6649.419271453620 1.91284e-07
6650.557053862182 1.83371e-07
6651.694836270744 1.7616e-07
6652.832618679306 1.5347e-07
6653.970401087868 1.5673e-07
6655.108183496429 1.25517e-07
6656.245965904991 1.22665e-07
6657.383748313552 1.20861e-07
6658.521530722114 1.03774e-07
6659.659313130676 1.01576e-07
6660.797095539237 9.6759e-08
6661.934877947800 8.4756e-08
6663.072660356361 9.0093e-08
6664.210442764923 8.3929e-08
6665.348225173484 7.4682e-08
6666.486007582046 6.6856e-08
6667.623789990608 6.3856e-08
6668.761572399169 5.4645e-08
6669.899354807731 5.3324e-08
6671.037137216293 4.257e-08
6672.174919624855 4.1845e-08
6673.312702033417 3.5188e-08
6674.450484441978 3.0533e-08
6675.588266850540 2.819e-08
6676.726049259101 2.3538e-08
6677.863831667663 2.2218e-08
6679.001614076225 1.8351e-08
6680.139396484787 1.6113e-08
6681.277178893349 1.4692e-08
6682.414961301910 1.4124e-08
6683.552743710472 1.0558e-08
6684.690526119033 9.091e-09
6685.828308527595 9.612e-09
6686.966090936156 7.454e-09
6688.103873344719 7.353e-09
6689.241655753281 7.199e-09
6690.379438161842 7.155e-09
6691.517220570404 6.65e-09
6692.655002978965 7.05e-09
6693.792785387527 7.267e-09
6694.930567796088 8.55e-09
6696.068350204650 8.633e-09
6697.206132613213 9.638e-09
6698.343915021774 1.1037e-08
6699.481697430336 1.2468e-08
6700.619479838897 1.3358e-08
6701.757262247459 1.4156e-08
6702.895044656021 1.7026e-08
6704.032827064582 1.8632e-08
6705.170609473144 2.0406e-08
6706.308391881706 2.1534e-08
6707.446174290268 2.4285e-08
6708.583956698829 2.6785e-08
6709.721739107391 2.6782e-08
6710.859521515953 3.0725e-08
6711.997303924514 3.176e-08
6713.135086333076 3.514e-08
6714.272868741637 3.7677e-08
6715.410651150200 3.645e-08
6716.548433558761 4.2579e-08
6717.686215967323 4.3514e-08
6718.823998375885 4.502e-08
6719.961780784446 4.789e-08
6721.099563193008 5.2313e-08
6722.237345601569 5.1704e-08
6723.375128010131 5.2869e-08
6724.512910418693 6.0454e-08
6725.650692827255 6.6506e-08
6726.788475235817 6.4822e-08
6727.926257644378 6.9811e-08
6729.064040052940 7.2827e-08
6730.201822461501 7.3666e-08
6731.339604870063 7.8234e-08
6732.477387278625 7.0272e-08
6733.615169687187 8.161e-08
6734.752952095749 7.7256e-08
6735.890734504310 8.204e-08
6737.028516912872 8.4468e-08
6738.166299321433 8.6048e-08
6739.304081729995 8.8105e-08
6740.441864138557 9.2089e-08
6741.579646547119 9.2828e-08
6742.717428955681 9.691e-08
6743.855211364242 9.6377e-08
6744.992993772804 1.04224e-07
6746.130776181365 9.8771e-08
6747.268558589927 1.01968e-07
6748.406340998489 9.9272e-08
6749.544123407050 1.08878e-07
6750.681905815612 1.04214e-07
6751.819688224174 1.10761e-07
6752.957470632736 1.06561e-07
6754.095253041297 1.17253e-07
6755.233035449859 1.18627e-07
6756.370817858421 1.08348e-07
6757.508600266982 1.10769e-07
6758.646382675544 1.1507e-07
6759.784165084106 1.01761e-07
6760.921947492668 1.12471e-07
6762.059729901230 1.08952e-07
6763.197512309791 1.14701e-07
6764.335294718353 1.20863e-07
6765.473077126914 1.21386e-07
6766.610859535476 1.24924e-07
6767.748641944037 1.09949e-07
6768.886424352600 1.1317e-07
6770.024206761162 1.11296e-07
6771.161989169723 1.06261e-07
6772.299771578285 1.0801e-07
6773.437553986846 1.00033e-07
6774.575336395408 1.09201e-07
6775.713118803969 1.17213e-07
6776.850901212531 1.04819e-07
6777.988683621094 9.8943e-08
6779.126466029655 1.05576e-07
6780.264248438217 1.01826e-07
6781.402030846778 1.06548e-07
6782.539813255340 1.0992e-07
6783.677595663901 1.05726e-07
6784.815378072463 1.07916e-07
6785.953160481025 9.6027e-08
6787.090942889587 9.8695e-08
6788.228725298149 9.6128e-08
6789.366507706710 9.4966e-08
6790.504290115272 1.00937e-07
6791.642072523833 8.7818e-08
6792.779854932395 8.6532e-08
6793.917637340957 9.3829e-08
6795.055419749518 8.4865e-08
6796.193202158081 9.057e-08
6797.330984566642 1.0174e-07
6798.468766975204 9.6854e-08
6799.606549383766 7.5374e-08
6800.744331792327 7.6358e-08
6801.882114200889 7.3962e-08
6803.019896609450 7.691e-08
6804.157679018012 7.5975e-08
6805.295461426574 6.8979e-08
6806.433243835136 6.9689e-08
6807.571026243698 6.7415e-08
6808.708808652259 5.915e-08
6809.846591060821 5.9108e-08
6810.984373469382 5.0599e-08
6812.122155877944 4.9758e-08
6813.259938286506 4.9111e-08
6814.397720695068 4.2422e-08
6815.535503103630 2.1853e-08
6816.673285512191 6.864e-09
6817.811067920753 1.237e-09
6818.948850329314 6.9e-11
6820.086632737876 4e-12
6821.224415146437 0
6822.362197555000 0
6823.499979963562 0
6824.637762372123 0
6825.775544780685 0
6826.913327189246 0
6828.051109597808 0
6829.188892006370 0
6830.326674414931 0
6831.464456823493 0
6832.602239232055 0
6833.740021640617 0
6834.877804049178 0
6836.015586457740 0
6837.153368866302 0
6838.291151274863 0
6839.428933683425 0
6840.566716091987 0
6841.704498500549 0
6842.842280909110 0
6843.980063317672 0
6845.117845726234 0
6846.255628134795 0
6847.393410543357 0
6848.531192951918 0
6849.668975360481 0
6850.806757769042 0
6851.944540177604 0
6853.082322586166 0
6854.220104994727 0
6855.357887403289 0
6856.495669811850 0
6857.633452220412 0
6858.771234628975 0
6859.909017037536 0
6861.046799446098 0
6862.184581854659 0
6863.322364263221 0
6864.460146671782 0
6865.597929080344 0
6866.735711488906 0
6867.873493897468 0
6869.011276306030 0
6870.149058714591 0
6871.286841123153 0
6872.424623531714 0
6873.562405940276 0
6874.700188348838 0
6875.837970757399 0
6876.975753165962 0
6878.113535574523 0
6879.251317983085 0
6880.389100391646 0
6881.526882800208 0
6882.664665208770 0
6883.802447617331 0
6884.940230025893 0
6886.078012434455 0
6887.215794843017 0
6888.353577251579 0
6889.491359660140 0
6890.629142068702 0
6891.766924477263 0
6892.904706885825 0
6894.042489294387 0
6895.180271702949 0
6896.318054111511 0
6897.455836520072 0
6898.593618928634 0
6899.731401337195 0
6900.869183745757 0
6902.006966154318 0
6903.144748562881 0
6904.282530971443 0
6905.420313380004 0
6906.558095788566 0
6907.695878197127 0
6908.833660605689 0
6909.971443014250 0
6911.109225422812 0
6912.247007831375 0
6913.384790239936 0
6914.522572648498 0
6915.660355057059 0
6916.798137465621 0
6917.935919874183 0
6919.073702282744 0
